'Initial Config',
 -1,
 0,
 0,
 0.7,
 1,
 0,
 10.993605613708496,
 0.16258728412680232,
 3.7357230861342056e-07,
 0.08904727447355747


['Initial Config',
 -1,
 0,
 0,
 0.7,
 1,
 0,
 10.385001182556152,
 0.04687207470861716,
 1.7946445472681857e-07,
 0.0617195164709991]

 ['Initial Config',
 -1,
 0,
 0,
 0.7,
 1,
 0,
 10.201189041137695,
 0.18020755612441142,
 3.457893236020418e-07,
 0.08567203504124264]

 ['Initial Config',
 -1,
 0,
 0,
 0.7,
 1,
 0,
 10.199549674987793,
 0.41001646564762434,
 2.7247357819965664e-07,
 0.0760493472352882]

 ['Initial Config',
 -1,
 0,
 0,
 0.7,
 1,
 0,
 10.436782836914062,
 0.2436068091216199,
 2.45745544165867e-07,
 0.07222309893771005]